%YAML:1.0
aruco_bc_nmarkers: 9
aruco_bc_mInfoType: 0
aruco_bc_markers:
    - { id:1, corners:[ [ -400., -200., 0. ], [ -200., -200., 0. ],
                        [ -200., -400., 0. ], [ -400., -400., 0. ] ] }
    - { id:2, corners:[ [ -100., -200., 0. ], [ 100., -200., 0. ],
                         [ 100., -400., 0. ], [ -100., -400., 0. ] ] }
    - { id:3, corners:[ [ 200., -200., 0. ], [ 400., -200., 0. ],
                        [ 400., -400., 0. ], [ 200., -400., 0. ] ] }
    - { id:4, corners:[ [ -400., 100., 0. ], [ -200., 100., 0. ],
                        [ -200., -100., 0. ], [ -400., -100., 0. ] ] }
    - { id:5, corners:[ [ -100., 100., 0. ], [ 100., 100., 0. ],
                        [ 100., -100., 0. ], [ -100., -100., 0. ] ] }
    - { id:6, corners:[ [ 200., 100., 0. ], [ 400., 100., 0. ],
                        [ 400., -100., 0. ], [ 200., -100., 0. ] ] }
    - { id:7, corners:[ [ -400., 400., 0. ], [ -200., 400., 0. ],
                        [ -200., 200., 0. ], [ -400., 200., 0. ] ] }
    - { id:8, corners:[ [ -100., 400., 0. ], [ 100., 400., 0. ],
                        [ 100., 200., 0. ], [ -100., 200., 0. ] ] }
    - { id:9, corners:[ [ 200., 400., 0. ], [ 400., 400., 0. ],
                        [ 400., 200., 0. ], [ 200., -200., 0. ] ] }
                        #- { id:0, corners:[ [ -400., -200., 0. ], [ -200., -200., 0. ],
                        #                    [ -200., -400., 0. ], [ -400., -400., 0. ] ] }
                        #- { id:12, corners:[ [ -100., -200., 0. ], [ 100., -200., 0. ],
                        #                    [ 100., -400., 0. ], [ -100., -400., 0. ] ] }
                        #- { id:34, corners:[ [ 200., -200., 0. ], [ 400., -200., 0. ],
                        #                    [ 400., -400., 0. ], [ 200., -400., 0. ] ] }
                        #- { id:56, corners:[ [ -400., 100., 0. ], [ -200., 100., 0. ],
                        #                    [ -200., -100., 0. ], [ -400., -100., 0. ] ] }
                        #- { id:78, corners:[ [ -100., 100., 0. ], [ 100., 100., 0. ],
                        #                    [ 100., -100., 0. ], [ -100., -100., 0. ] ] }
                        #- { id:90, corners:[ [ 200., 100., 0. ], [ 400., 100., 0. ],
                        #                    [ 400., -100., 0. ], [ 200., -100., 0. ] ] }
                        #- { id:123, corners:[ [ -400., 400., 0. ], [ -200., 400., 0. ],
                        #                    [ -200., 200., 0. ], [ -400., 200., 0. ] ] }
                        #- { id:456, corners:[ [ -100., 400., 0. ], [ 100., 400., 0. ],
                        #                    [ 100., 200., 0. ], [ -100., 200., 0. ] ] }
                        #- { id:789, corners:[ [ 200., 400., 0. ], [ 400., 400., 0. ],
                        #                     [ 400., 200., 0. ], [ 200., -200., 0. ] ] }
