%YAML:1.0
aruco_bc_nmarkers: 4
aruco_bc_mInfoType: 0
aruco_bc_markers:
   - { id:111, corners:[ [ -350., 50., 0. ], [ -50., 50., 0. ], [
       -50., 350., 0. ], [ -350., 350., 0. ] ] }
   - { id:222, corners:[ [ 50., 50., 0. ], [ 350., 50., 0. ], [
       350., 350., 0. ], [ 50., 350., 0. ] ] }
   - { id:333, corners:[ [ -350., -350., 0. ], [ -50., -350., 0. ], [ -50.,
       -50., 0. ], [ -350., -50., 0. ] ] }
   - { id:444, corners:[ [ 50., -350., 0. ], [ 350., -350., 0. ], [
       350., -50., 0. ], [ 50., -50., 0. ] ] }
